,A,R,N,D,C,Q,E,G,H,I,L,K,M,F,P,S,T,W,Y,V,B,Z,X,*
A,0,-2,-2,-9,-2,11,-4,7,-9,-4,2,4,7,-4,5,-11,10,4,4,-11,-1,8,-1,9
R,-2,-1,-2,-4,-8,-3,2,3,1,6,-7,-5,-12,11,-4,5,-1,-1,-1,3,-3,3,-10,2
N,-2,-2,0,1,8,2,4,0,-2,-8,8,6,4,10,14,7,-2,-10,4,4,1,3,13,0
D,-9,-4,1,6,0,0,-3,-11,-12,2,-9,0,6,10,9,-6,4,0,12,8,-5,0,4,3
C,-2,-8,8,0,-2,-1,-2,5,1,2,0,0,12,-1,-7,3,-4,16,0,11,8,1,6,6
Q,11,-3,2,0,-1,-8,2,7,5,0,0,1,9,-1,-12,-5,-1,7,-13,10,-1,4,-3,-1
E,-4,2,4,-3,-2,2,-6,5,9,-3,-4,-1,0,5,3,9,-6,6,6,2,-8,5,3,-12
G,7,3,0,-11,5,7,5,12,-1,-10,-8,2,-4,15,3,-4,2,-9,5,-2,8,-2,12,-13
H,-9,1,-2,-12,1,5,9,-1,7,11,-7,-8,-4,3,11,0,1,-7,-1,3,1,-2,1,-4
I,-4,6,-8,2,2,0,-3,-10,11,-7,11,6,2,-4,7,-17,-3,-13,-4,-1,5,2,-3,-12
L,2,-7,8,-9,0,0,-4,-8,-7,11,7,-10,1,-7,-1,5,2,6,4,0,-15,-7,-3,0
K,4,-5,6,0,0,1,-1,2,-8,6,-10,-16,-12,-8,-5,-2,9,8,-6,1,12,-5,6,9
M,7,-12,4,6,12,9,0,-4,-4,2,1,-12,6,-1,-6,11,8,-7,0,-2,-5,-10,-7,0
F,-4,11,10,10,-1,-1,5,15,3,-4,-7,-8,-1,-3,3,7,2,12,-3,8,-8,10,1,0
P,5,-4,14,9,-7,-12,3,3,11,7,-1,-5,-6,3,-12,-5,9,-3,7,2,10,-9,-3,-15
S,-11,5,7,-6,3,-5,9,-4,0,-17,5,-2,11,7,-5,2,-1,8,-16,7,3,4,1,11
T,10,-1,-2,4,-4,-1,-6,2,1,-3,2,9,8,2,9,-1,-6,-9,5,-1,-12,-5,-6,-1
W,4,-1,-10,0,16,7,6,-9,-7,-13,6,8,-7,12,-3,8,-9,0,2,-7,-9,-2,-4,4
Y,4,-1,4,12,0,-13,6,5,-1,-4,4,-6,0,-3,7,-16,5,2,-2,-6,-12,-3,-6,0
V,-11,3,4,8,11,10,2,-2,3,-1,0,1,-2,8,2,7,-1,-7,-6,11,9,6,-1,-8
B,-1,-3,1,-5,8,-1,-8,8,1,5,-15,12,-5,-8,10,3,-12,-9,-12,9,-7,-5,4,-10
Z,8,3,3,0,1,4,5,-2,-2,2,-7,-5,-10,10,-9,4,-5,-2,-3,6,-5,4,-2,-5
X,-1,-10,13,4,6,-3,3,12,1,-3,-3,6,-7,1,-3,1,-6,-4,-6,-1,4,-2,14,-4
*,9,2,0,3,6,-1,-12,-13,-4,-12,0,9,0,0,-15,11,-1,4,0,-8,-10,-5,-4,5
